interpretation( 8, [number = 6917,seconds = 0], [
    relation(<=(_,_), [
        1,1,1,1,1,1,1,1,
        0,1,0,0,0,0,0,1,
        0,1,1,0,0,0,0,1,
        0,1,0,1,0,0,1,1,
        0,1,0,1,1,0,1,1,
        0,1,0,1,0,1,1,1,
        0,1,0,0,0,0,1,1,
        0,0,0,0,0,0,0,1]),
    function(+(_,_), [
        0,1,2,3,4,5,6,7,
        1,1,1,1,1,1,1,7,
        2,1,2,1,1,1,1,7,
        3,1,1,3,3,3,6,7,
        4,1,1,3,4,3,6,7,
        5,1,1,3,3,5,6,7,
        6,1,1,6,6,6,6,7,
        7,7,7,7,7,7,7,7])]).
