interpretation( 8, [number = 22855,seconds = 1], [
    relation(<=(_,_), [
        1,1,1,1,1,1,1,1,
        0,1,0,0,0,0,0,0,
        0,1,1,0,0,0,0,0,
        0,1,0,1,0,0,0,0,
        0,1,1,1,1,0,0,1,
        0,1,1,1,1,1,0,1,
        0,1,1,1,1,0,1,1,
        0,1,1,1,0,0,0,1]),
    function(+(_,_), [
        0,1,2,3,4,5,6,7,
        1,1,1,1,1,1,1,1,
        2,1,2,1,2,2,2,2,
        3,1,1,3,3,3,3,3,
        4,1,2,3,4,4,4,7,
        5,1,2,3,4,5,4,7,
        6,1,2,3,4,4,6,7,
        7,1,2,3,7,7,7,7])]).
