interpretation( 8, [number = 8560,seconds = 0], [
    relation(<=(_,_), [
        1,1,1,1,1,1,1,1,
        0,1,0,0,0,0,0,0,
        0,1,1,0,0,0,0,0,
        0,1,0,1,0,0,0,0,
        0,1,0,1,1,0,0,0,
        0,1,1,0,0,1,0,0,
        0,1,1,1,0,0,1,0,
        0,1,1,1,1,1,1,1]),
    function(+(_,_), [
        0,1,2,3,4,5,6,7,
        1,1,1,1,1,1,1,1,
        2,1,2,1,1,2,2,2,
        3,1,1,3,3,1,3,3,
        4,1,1,3,4,1,3,4,
        5,1,2,1,1,5,2,5,
        6,1,2,3,3,2,6,6,
        7,1,2,3,4,5,6,7])]).
