interpretation( 8, [number = 45,seconds = 0], [
    relation(<=(_,_), [
        1,1,1,1,1,1,1,1,
        0,1,0,0,0,0,0,0,
        0,1,1,0,0,0,0,0,
        0,1,0,1,0,0,0,0,
        0,1,0,0,1,0,0,0,
        0,1,0,0,0,1,0,0,
        0,1,0,0,0,1,1,0,
        0,1,0,0,1,0,0,1]),
    function(+(_,_), [
        0,1,2,3,4,5,6,7,
        1,1,1,1,1,1,1,1,
        2,1,2,1,1,1,1,1,
        3,1,1,3,1,1,1,1,
        4,1,1,1,4,1,1,4,
        5,1,1,1,1,5,5,1,
        6,1,1,1,1,5,6,1,
        7,1,1,1,4,1,1,7])]).
