interpretation( 8, [number = 33800,seconds = 2], [
    relation(<=(_,_), [
        1,1,1,1,1,1,1,1,
        0,1,0,0,1,1,1,1,
        0,1,1,0,1,1,1,1,
        0,1,0,1,1,1,1,1,
        0,0,0,0,1,0,0,0,
        0,0,0,0,1,1,0,0,
        0,0,0,0,1,1,1,0,
        0,0,0,0,1,1,1,1]),
    function(+(_,_), [
        0,1,2,3,4,5,6,7,
        1,1,1,1,4,5,6,7,
        2,1,2,1,4,5,6,7,
        3,1,1,3,4,5,6,7,
        4,4,4,4,4,4,4,4,
        5,5,5,5,4,5,5,5,
        6,6,6,6,4,5,6,6,
        7,7,7,7,4,5,6,7])]).
