interpretation( 7, [number = 2183,seconds = 0], [
    relation(<=(_,_), [
        1,1,1,1,1,1,1,
        0,1,0,0,0,0,0,
        0,1,1,0,0,0,0,
        0,1,1,1,0,0,0,
        0,1,1,1,1,0,0,
        0,1,1,1,1,1,0,
        0,1,1,1,1,1,1]),
    function(+(_,_), [
        0,1,2,3,4,5,6,
        1,1,1,1,1,1,1,
        2,1,2,2,2,2,2,
        3,1,2,3,3,3,3,
        4,1,2,3,4,4,4,
        5,1,2,3,4,5,5,
        6,1,2,3,4,5,6])]).
% isofilter: input=14301, kept=53, checks=18879, perms=54278, 4.97 seconds.
