interpretation( 11, [number = 6269502,seconds = 937], [
    relation(<=(_,_), [
         1, 1, 1, 1, 1, 1, 1, 1, 1, 1, 1,
         0, 1, 0, 0, 0, 0, 0, 0, 0, 0, 0,
         0, 1, 1, 0, 0, 0, 0, 0, 0, 0, 0,
         0, 1, 0, 1, 0, 0, 0, 0, 0, 0, 0,
         0, 1, 0, 0, 1, 0, 0, 0, 0, 0, 0,
         0, 1, 0, 0, 0, 1, 0, 0, 0, 0, 0,
         0, 1, 0, 0, 0, 1, 1, 0, 0, 0, 0,
         0, 1, 0, 0, 0, 1, 1, 1, 0, 0, 0,
         0, 1, 0, 0, 1, 0, 0, 0, 1, 0, 0,
         0, 1, 0, 1, 0, 1, 0, 0, 0, 1, 0,
         0, 1, 1, 1, 1, 1, 0, 0, 0, 1, 1]),
    function(+(_,_), [
         0, 1, 2, 3, 4, 5, 6, 7, 8, 9,10,
         1, 1, 1, 1, 1, 1, 1, 1, 1, 1, 1,
         2, 1, 2, 1, 1, 1, 1, 1, 1, 1, 2,
         3, 1, 1, 3, 1, 1, 1, 1, 1, 3, 3,
         4, 1, 1, 1, 4, 1, 1, 1, 4, 1, 4,
         5, 1, 1, 1, 1, 5, 5, 5, 1, 5, 5,
         6, 1, 1, 1, 1, 5, 6, 6, 1, 5, 5,
         7, 1, 1, 1, 1, 5, 6, 7, 1, 5, 5,
         8, 1, 1, 1, 4, 1, 1, 1, 8, 1, 4,
         9, 1, 1, 3, 1, 5, 5, 5, 1, 9, 9,
        10, 1, 2, 3, 4, 5, 5, 5, 4, 9,10])]).
