interpretation( 11, [number = 1194065,seconds = 172], [
    relation(<=(_,_), [
         1, 1, 1, 1, 1, 1, 1, 1, 1, 1, 1,
         0, 1, 0, 0, 0, 0, 0, 0, 1, 0, 0,
         0, 1, 1, 0, 0, 0, 0, 0, 1, 0, 0,
         0, 1, 0, 1, 0, 0, 0, 0, 1, 0, 0,
         0, 1, 0, 0, 1, 0, 0, 0, 1, 0, 0,
         0, 1, 0, 0, 0, 1, 0, 0, 1, 0, 0,
         0, 1, 0, 0, 0, 0, 1, 0, 1, 0, 0,
         0, 1, 0, 0, 0, 1, 1, 1, 1, 1, 0,
         0, 0, 0, 0, 0, 0, 0, 0, 1, 0, 0,
         0, 0, 0, 0, 0, 0, 0, 0, 1, 1, 0,
         0, 0, 0, 0, 0, 0, 0, 0, 1, 1, 1]),
    function(+(_,_), [
         0, 1, 2, 3, 4, 5, 6, 7, 8, 9,10,
         1, 1, 1, 1, 1, 1, 1, 1, 8, 8, 8,
         2, 1, 2, 1, 1, 1, 1, 1, 8, 8, 8,
         3, 1, 1, 3, 1, 1, 1, 1, 8, 8, 8,
         4, 1, 1, 1, 4, 1, 1, 1, 8, 8, 8,
         5, 1, 1, 1, 1, 5, 1, 5, 8, 8, 8,
         6, 1, 1, 1, 1, 1, 6, 6, 8, 8, 8,
         7, 1, 1, 1, 1, 5, 6, 7, 8, 9, 9,
         8, 8, 8, 8, 8, 8, 8, 8, 8, 8, 8,
         9, 8, 8, 8, 8, 8, 8, 9, 8, 9, 9,
        10, 8, 8, 8, 8, 8, 8, 9, 8, 9,10])]).
