interpretation( 11, [number = 6206594,seconds = 927], [
    relation(<=(_,_), [
         1, 1, 1, 1, 1, 1, 1, 1, 1, 1, 1,
         0, 1, 0, 0, 0, 0, 0, 0, 0, 0, 1,
         0, 1, 1, 0, 0, 0, 0, 0, 0, 0, 1,
         0, 1, 0, 1, 0, 0, 0, 0, 0, 0, 1,
         0, 1, 0, 0, 1, 0, 0, 0, 0, 0, 1,
         0, 1, 0, 0, 0, 1, 0, 0, 0, 0, 1,
         0, 1, 0, 0, 0, 1, 1, 0, 0, 0, 1,
         0, 1, 0, 0, 0, 1, 0, 1, 0, 0, 1,
         0, 1, 1, 1, 1, 0, 0, 0, 1, 0, 1,
         0, 1, 1, 1, 1, 1, 1, 1, 1, 1, 1,
         0, 0, 0, 0, 0, 0, 0, 0, 0, 0, 1]),
    function(+(_,_), [
         0, 1, 2, 3, 4, 5, 6, 7, 8, 9,10,
         1, 1, 1, 1, 1, 1, 1, 1, 1, 1,10,
         2, 1, 2, 1, 1, 1, 1, 1, 2, 2,10,
         3, 1, 1, 3, 1, 1, 1, 1, 3, 3,10,
         4, 1, 1, 1, 4, 1, 1, 1, 4, 4,10,
         5, 1, 1, 1, 1, 5, 5, 5, 1, 5,10,
         6, 1, 1, 1, 1, 5, 6, 5, 1, 6,10,
         7, 1, 1, 1, 1, 5, 5, 7, 1, 7,10,
         8, 1, 2, 3, 4, 1, 1, 1, 8, 8,10,
         9, 1, 2, 3, 4, 5, 6, 7, 8, 9,10,
        10,10,10,10,10,10,10,10,10,10,10])]).
