interpretation( 11, [number = 431373,seconds = 59], [
    relation(<=(_,_), [
         1, 1, 1, 1, 1, 1, 1, 1, 1, 1, 1,
         0, 1, 0, 0, 0, 0, 0, 0, 0, 0, 1,
         0, 1, 1, 0, 0, 0, 0, 0, 0, 0, 1,
         0, 1, 0, 1, 0, 0, 0, 0, 0, 0, 1,
         0, 1, 0, 0, 1, 0, 0, 0, 0, 0, 1,
         0, 1, 0, 0, 0, 1, 0, 0, 0, 0, 1,
         0, 1, 0, 0, 0, 0, 1, 0, 0, 0, 1,
         0, 1, 0, 0, 0, 0, 1, 1, 0, 0, 1,
         0, 1, 0, 0, 0, 1, 1, 1, 1, 0, 1,
         0, 1, 1, 1, 1, 0, 1, 0, 0, 1, 1,
         0, 0, 0, 0, 0, 0, 0, 0, 0, 0, 1]),
    function(+(_,_), [
         0, 1, 2, 3, 4, 5, 6, 7, 8, 9,10,
         1, 1, 1, 1, 1, 1, 1, 1, 1, 1,10,
         2, 1, 2, 1, 1, 1, 1, 1, 1, 2,10,
         3, 1, 1, 3, 1, 1, 1, 1, 1, 3,10,
         4, 1, 1, 1, 4, 1, 1, 1, 1, 4,10,
         5, 1, 1, 1, 1, 5, 1, 1, 5, 1,10,
         6, 1, 1, 1, 1, 1, 6, 6, 6, 6,10,
         7, 1, 1, 1, 1, 1, 6, 7, 7, 6,10,
         8, 1, 1, 1, 1, 5, 6, 7, 8, 6,10,
         9, 1, 2, 3, 4, 1, 6, 6, 6, 9,10,
        10,10,10,10,10,10,10,10,10,10,10])]).
