interpretation( 11, [number = 5658642,seconds = 844], [
    relation(<=(_,_), [
         1, 1, 1, 1, 1, 1, 1, 1, 1, 1, 1,
         0, 1, 0, 0, 0, 0, 0, 1, 0, 0, 1,
         0, 1, 1, 0, 0, 0, 0, 1, 0, 0, 1,
         0, 1, 0, 1, 0, 0, 0, 1, 0, 0, 1,
         0, 1, 0, 0, 1, 0, 0, 1, 0, 0, 1,
         0, 1, 0, 0, 0, 1, 0, 1, 0, 0, 1,
         0, 1, 0, 0, 0, 0, 1, 1, 1, 1, 1,
         0, 0, 0, 0, 0, 0, 0, 1, 0, 0, 0,
         0, 0, 0, 0, 0, 0, 0, 1, 1, 0, 0,
         0, 0, 0, 0, 0, 0, 0, 1, 0, 1, 0,
         0, 0, 0, 0, 0, 0, 0, 1, 0, 0, 1]),
    function(+(_,_), [
         0, 1, 2, 3, 4, 5, 6, 7, 8, 9,10,
         1, 1, 1, 1, 1, 1, 1, 7, 7, 7,10,
         2, 1, 2, 1, 1, 1, 1, 7, 7, 7,10,
         3, 1, 1, 3, 1, 1, 1, 7, 7, 7,10,
         4, 1, 1, 1, 4, 1, 1, 7, 7, 7,10,
         5, 1, 1, 1, 1, 5, 1, 7, 7, 7,10,
         6, 1, 1, 1, 1, 1, 6, 7, 8, 9,10,
         7, 7, 7, 7, 7, 7, 7, 7, 7, 7, 7,
         8, 7, 7, 7, 7, 7, 8, 7, 8, 7, 7,
         9, 7, 7, 7, 7, 7, 9, 7, 7, 9, 7,
        10,10,10,10,10,10,10, 7, 7, 7,10])]).
