interpretation( 11, [number = 44605,seconds = 5], [
    relation(<=(_,_), [
         1, 1, 1, 1, 1, 1, 1, 1, 1, 1, 1,
         0, 1, 0, 0, 0, 0, 0, 0, 0, 0, 0,
         0, 1, 1, 0, 0, 0, 0, 0, 0, 0, 0,
         0, 1, 0, 1, 0, 0, 0, 0, 0, 0, 0,
         0, 1, 0, 0, 1, 0, 0, 0, 0, 0, 0,
         0, 1, 0, 0, 0, 1, 0, 0, 0, 0, 0,
         0, 1, 0, 0, 0, 0, 1, 0, 0, 0, 0,
         0, 1, 0, 0, 0, 0, 0, 1, 0, 0, 0,
         0, 1, 0, 0, 0, 0, 1, 1, 1, 0, 0,
         0, 1, 0, 0, 0, 0, 1, 1, 1, 1, 0,
         0, 1, 0, 1, 1, 1, 0, 1, 0, 0, 1]),
    function(+(_,_), [
         0, 1, 2, 3, 4, 5, 6, 7, 8, 9,10,
         1, 1, 1, 1, 1, 1, 1, 1, 1, 1, 1,
         2, 1, 2, 1, 1, 1, 1, 1, 1, 1, 1,
         3, 1, 1, 3, 1, 1, 1, 1, 1, 1, 3,
         4, 1, 1, 1, 4, 1, 1, 1, 1, 1, 4,
         5, 1, 1, 1, 1, 5, 1, 1, 1, 1, 5,
         6, 1, 1, 1, 1, 1, 6, 1, 6, 6, 1,
         7, 1, 1, 1, 1, 1, 1, 7, 7, 7, 7,
         8, 1, 1, 1, 1, 1, 6, 7, 8, 8, 7,
         9, 1, 1, 1, 1, 1, 6, 7, 8, 9, 7,
        10, 1, 1, 3, 4, 5, 1, 7, 7, 7,10])]).
