interpretation( 11, [number = 6117690,seconds = 913], [
    relation(<=(_,_), [
         1, 1, 1, 1, 1, 1, 1, 1, 1, 1, 1,
         0, 1, 0, 0, 0, 0, 0, 0, 0, 0, 0,
         0, 1, 1, 0, 0, 0, 0, 0, 0, 0, 0,
         0, 1, 0, 1, 0, 0, 0, 0, 0, 0, 0,
         0, 1, 0, 0, 1, 0, 0, 0, 0, 0, 0,
         0, 1, 0, 0, 0, 1, 0, 0, 0, 0, 0,
         0, 1, 0, 0, 0, 1, 1, 0, 0, 0, 0,
         0, 1, 0, 0, 0, 1, 0, 1, 0, 0, 0,
         0, 1, 0, 0, 1, 1, 0, 1, 1, 0, 0,
         0, 1, 0, 1, 0, 1, 0, 1, 0, 1, 0,
         0, 1, 1, 0, 0, 1, 0, 1, 0, 0, 1]),
    function(+(_,_), [
         0, 1, 2, 3, 4, 5, 6, 7, 8, 9,10,
         1, 1, 1, 1, 1, 1, 1, 1, 1, 1, 1,
         2, 1, 2, 1, 1, 1, 1, 1, 1, 1, 2,
         3, 1, 1, 3, 1, 1, 1, 1, 1, 3, 1,
         4, 1, 1, 1, 4, 1, 1, 1, 4, 1, 1,
         5, 1, 1, 1, 1, 5, 5, 5, 5, 5, 5,
         6, 1, 1, 1, 1, 5, 6, 5, 5, 5, 5,
         7, 1, 1, 1, 1, 5, 5, 7, 7, 7, 7,
         8, 1, 1, 1, 4, 5, 5, 7, 8, 7, 7,
         9, 1, 1, 3, 1, 5, 5, 7, 7, 9, 7,
        10, 1, 2, 1, 1, 5, 5, 7, 7, 7,10])]).
