interpretation( 11, [number = 6105590,seconds = 911], [
    relation(<=(_,_), [
         1, 1, 1, 1, 1, 1, 1, 1, 1, 1, 1,
         0, 1, 0, 0, 0, 0, 0, 0, 0, 0, 0,
         0, 1, 1, 0, 0, 0, 0, 0, 0, 0, 0,
         0, 1, 0, 1, 0, 0, 0, 0, 0, 0, 0,
         0, 1, 0, 0, 1, 0, 0, 0, 0, 0, 0,
         0, 1, 0, 0, 0, 1, 0, 0, 1, 0, 0,
         0, 1, 0, 0, 0, 1, 1, 0, 1, 0, 0,
         0, 1, 0, 0, 0, 1, 0, 1, 1, 0, 0,
         0, 1, 0, 0, 0, 0, 0, 0, 1, 0, 0,
         0, 1, 0, 1, 1, 0, 0, 0, 0, 1, 0,
         0, 1, 1, 0, 1, 0, 0, 0, 1, 0, 1]),
    function(+(_,_), [
         0, 1, 2, 3, 4, 5, 6, 7, 8, 9,10,
         1, 1, 1, 1, 1, 1, 1, 1, 1, 1, 1,
         2, 1, 2, 1, 1, 1, 1, 1, 1, 1, 2,
         3, 1, 1, 3, 1, 1, 1, 1, 1, 3, 1,
         4, 1, 1, 1, 4, 1, 1, 1, 1, 4, 4,
         5, 1, 1, 1, 1, 5, 5, 5, 8, 1, 8,
         6, 1, 1, 1, 1, 5, 6, 5, 8, 1, 8,
         7, 1, 1, 1, 1, 5, 5, 7, 8, 1, 8,
         8, 1, 1, 1, 1, 8, 8, 8, 8, 1, 8,
         9, 1, 1, 3, 4, 1, 1, 1, 1, 9, 4,
        10, 1, 2, 1, 4, 8, 8, 8, 8, 4,10])]).
