interpretation( 11, [number = 356079,seconds = 49], [
    relation(<=(_,_), [
         1, 1, 1, 1, 1, 1, 1, 1, 1, 1, 1,
         0, 1, 0, 0, 0, 0, 0, 0, 0, 1, 1,
         0, 1, 1, 0, 0, 0, 0, 0, 0, 1, 1,
         0, 1, 0, 1, 0, 0, 0, 0, 0, 1, 1,
         0, 1, 0, 0, 1, 0, 0, 0, 0, 1, 1,
         0, 1, 0, 0, 0, 1, 0, 0, 0, 1, 1,
         0, 1, 0, 0, 0, 0, 1, 0, 0, 1, 1,
         0, 1, 0, 0, 0, 0, 0, 1, 0, 1, 1,
         0, 1, 1, 1, 1, 1, 1, 1, 1, 1, 1,
         0, 0, 0, 0, 0, 0, 0, 0, 0, 1, 0,
         0, 0, 0, 0, 0, 0, 0, 0, 0, 1, 1]),
    function(+(_,_), [
         0, 1, 2, 3, 4, 5, 6, 7, 8, 9,10,
         1, 1, 1, 1, 1, 1, 1, 1, 1, 9,10,
         2, 1, 2, 1, 1, 1, 1, 1, 2, 9,10,
         3, 1, 1, 3, 1, 1, 1, 1, 3, 9,10,
         4, 1, 1, 1, 4, 1, 1, 1, 4, 9,10,
         5, 1, 1, 1, 1, 5, 1, 1, 5, 9,10,
         6, 1, 1, 1, 1, 1, 6, 1, 6, 9,10,
         7, 1, 1, 1, 1, 1, 1, 7, 7, 9,10,
         8, 1, 2, 3, 4, 5, 6, 7, 8, 9,10,
         9, 9, 9, 9, 9, 9, 9, 9, 9, 9, 9,
        10,10,10,10,10,10,10,10,10, 9,10])]).
