interpretation( 11, [number = 1111929,seconds = 159], [
    relation(<=(_,_), [
         1, 1, 1, 1, 1, 1, 1, 1, 1, 1, 1,
         0, 1, 0, 0, 0, 0, 0, 0, 0, 0, 0,
         0, 1, 1, 0, 0, 0, 0, 0, 0, 0, 0,
         0, 1, 0, 1, 0, 0, 0, 0, 0, 0, 0,
         0, 1, 0, 0, 1, 0, 0, 0, 0, 0, 0,
         0, 1, 0, 0, 0, 1, 0, 0, 0, 0, 0,
         0, 1, 0, 0, 0, 0, 1, 0, 0, 0, 0,
         0, 1, 0, 0, 0, 1, 1, 1, 0, 0, 0,
         0, 1, 0, 0, 1, 0, 1, 0, 1, 0, 0,
         0, 1, 0, 0, 1, 1, 0, 0, 0, 1, 0,
         0, 1, 1, 1, 0, 0, 1, 0, 0, 0, 1]),
    function(+(_,_), [
         0, 1, 2, 3, 4, 5, 6, 7, 8, 9,10,
         1, 1, 1, 1, 1, 1, 1, 1, 1, 1, 1,
         2, 1, 2, 1, 1, 1, 1, 1, 1, 1, 2,
         3, 1, 1, 3, 1, 1, 1, 1, 1, 1, 3,
         4, 1, 1, 1, 4, 1, 1, 1, 4, 4, 1,
         5, 1, 1, 1, 1, 5, 1, 5, 1, 5, 1,
         6, 1, 1, 1, 1, 1, 6, 6, 6, 1, 6,
         7, 1, 1, 1, 1, 5, 6, 7, 6, 5, 6,
         8, 1, 1, 1, 4, 1, 6, 6, 8, 4, 6,
         9, 1, 1, 1, 4, 5, 1, 5, 4, 9, 1,
        10, 1, 2, 3, 1, 1, 6, 6, 6, 1,10])]).
