interpretation( 11, [number = 6110149,seconds = 912], [
    relation(<=(_,_), [
         1, 1, 1, 1, 1, 1, 1, 1, 1, 1, 1,
         0, 1, 0, 0, 0, 0, 0, 0, 0, 0, 0,
         0, 1, 1, 0, 0, 0, 0, 0, 0, 0, 0,
         0, 1, 0, 1, 0, 0, 0, 0, 0, 0, 0,
         0, 1, 0, 0, 1, 0, 0, 0, 0, 0, 0,
         0, 1, 0, 0, 0, 1, 0, 0, 0, 0, 0,
         0, 1, 0, 0, 0, 1, 1, 0, 0, 0, 0,
         0, 1, 0, 0, 0, 1, 0, 1, 0, 0, 0,
         0, 1, 0, 0, 1, 0, 0, 0, 1, 0, 0,
         0, 1, 0, 1, 0, 1, 1, 1, 0, 1, 0,
         0, 1, 1, 0, 1, 0, 0, 0, 1, 0, 1]),
    function(+(_,_), [
         0, 1, 2, 3, 4, 5, 6, 7, 8, 9,10,
         1, 1, 1, 1, 1, 1, 1, 1, 1, 1, 1,
         2, 1, 2, 1, 1, 1, 1, 1, 1, 1, 2,
         3, 1, 1, 3, 1, 1, 1, 1, 1, 3, 1,
         4, 1, 1, 1, 4, 1, 1, 1, 4, 1, 4,
         5, 1, 1, 1, 1, 5, 5, 5, 1, 5, 1,
         6, 1, 1, 1, 1, 5, 6, 5, 1, 6, 1,
         7, 1, 1, 1, 1, 5, 5, 7, 1, 7, 1,
         8, 1, 1, 1, 4, 1, 1, 1, 8, 1, 8,
         9, 1, 1, 3, 1, 5, 6, 7, 1, 9, 1,
        10, 1, 2, 1, 4, 1, 1, 1, 8, 1,10])]).
