interpretation( 11, [number = 3201961,seconds = 473], [
    relation(<=(_,_), [
         1, 1, 1, 1, 1, 1, 1, 1, 1, 1, 1,
         0, 1, 0, 0, 0, 0, 0, 0, 1, 0, 1,
         0, 1, 1, 0, 0, 0, 0, 0, 1, 1, 1,
         0, 1, 0, 1, 0, 0, 0, 0, 1, 0, 1,
         0, 1, 0, 0, 1, 0, 0, 0, 1, 0, 1,
         0, 1, 0, 0, 0, 1, 0, 0, 1, 0, 1,
         0, 1, 0, 0, 0, 0, 1, 0, 1, 0, 1,
         0, 1, 0, 1, 1, 1, 1, 1, 1, 0, 1,
         0, 0, 0, 0, 0, 0, 0, 0, 1, 0, 0,
         0, 0, 0, 0, 0, 0, 0, 0, 1, 1, 0,
         0, 0, 0, 0, 0, 0, 0, 0, 1, 0, 1]),
    function(+(_,_), [
         0, 1, 2, 3, 4, 5, 6, 7, 8, 9,10,
         1, 1, 1, 1, 1, 1, 1, 1, 8, 8,10,
         2, 1, 2, 1, 1, 1, 1, 1, 8, 9,10,
         3, 1, 1, 3, 1, 1, 1, 3, 8, 8,10,
         4, 1, 1, 1, 4, 1, 1, 4, 8, 8,10,
         5, 1, 1, 1, 1, 5, 1, 5, 8, 8,10,
         6, 1, 1, 1, 1, 1, 6, 6, 8, 8,10,
         7, 1, 1, 3, 4, 5, 6, 7, 8, 8,10,
         8, 8, 8, 8, 8, 8, 8, 8, 8, 8, 8,
         9, 8, 9, 8, 8, 8, 8, 8, 8, 9, 8,
        10,10,10,10,10,10,10,10, 8, 8,10])]).
