interpretation( 11, [number = 6148643,seconds = 918], [
    relation(<=(_,_), [
         1, 1, 1, 1, 1, 1, 1, 1, 1, 1, 1,
         0, 1, 0, 0, 0, 0, 0, 0, 0, 0, 0,
         0, 1, 1, 0, 0, 0, 0, 0, 0, 0, 0,
         0, 1, 0, 1, 0, 0, 0, 0, 0, 0, 0,
         0, 1, 0, 0, 1, 0, 0, 0, 0, 0, 0,
         0, 1, 0, 0, 0, 1, 0, 0, 0, 0, 0,
         0, 1, 0, 0, 0, 1, 1, 0, 0, 0, 0,
         0, 1, 0, 0, 0, 1, 0, 1, 0, 0, 0,
         0, 1, 0, 1, 1, 0, 0, 0, 1, 0, 0,
         0, 1, 1, 0, 1, 0, 0, 0, 0, 1, 0,
         0, 1, 1, 1, 0, 1, 0, 0, 0, 0, 1]),
    function(+(_,_), [
         0, 1, 2, 3, 4, 5, 6, 7, 8, 9,10,
         1, 1, 1, 1, 1, 1, 1, 1, 1, 1, 1,
         2, 1, 2, 1, 1, 1, 1, 1, 1, 2, 2,
         3, 1, 1, 3, 1, 1, 1, 1, 3, 1, 3,
         4, 1, 1, 1, 4, 1, 1, 1, 4, 4, 1,
         5, 1, 1, 1, 1, 5, 5, 5, 1, 1, 5,
         6, 1, 1, 1, 1, 5, 6, 5, 1, 1, 5,
         7, 1, 1, 1, 1, 5, 5, 7, 1, 1, 5,
         8, 1, 1, 3, 4, 1, 1, 1, 8, 4, 3,
         9, 1, 2, 1, 4, 1, 1, 1, 4, 9, 2,
        10, 1, 2, 3, 1, 5, 5, 5, 3, 2,10])]).
