interpretation( 11, [number = 1974631,seconds = 288], [
    relation(<=(_,_), [
         1, 1, 1, 1, 1, 1, 1, 1, 1, 1, 1,
         0, 1, 0, 0, 0, 0, 0, 0, 0, 1, 0,
         0, 1, 1, 0, 0, 0, 0, 0, 0, 1, 0,
         0, 1, 0, 1, 0, 0, 0, 0, 0, 1, 1,
         0, 1, 0, 0, 1, 0, 0, 0, 0, 1, 0,
         0, 1, 0, 0, 0, 1, 0, 0, 0, 1, 0,
         0, 1, 0, 0, 0, 0, 1, 0, 0, 1, 0,
         0, 1, 0, 0, 1, 1, 1, 1, 0, 1, 0,
         0, 1, 0, 1, 1, 1, 1, 1, 1, 1, 1,
         0, 0, 0, 0, 0, 0, 0, 0, 0, 1, 0,
         0, 0, 0, 0, 0, 0, 0, 0, 0, 1, 1]),
    function(+(_,_), [
         0, 1, 2, 3, 4, 5, 6, 7, 8, 9,10,
         1, 1, 1, 1, 1, 1, 1, 1, 1, 9, 9,
         2, 1, 2, 1, 1, 1, 1, 1, 1, 9, 9,
         3, 1, 1, 3, 1, 1, 1, 1, 3, 9,10,
         4, 1, 1, 1, 4, 1, 1, 4, 4, 9, 9,
         5, 1, 1, 1, 1, 5, 1, 5, 5, 9, 9,
         6, 1, 1, 1, 1, 1, 6, 6, 6, 9, 9,
         7, 1, 1, 1, 4, 5, 6, 7, 7, 9, 9,
         8, 1, 1, 3, 4, 5, 6, 7, 8, 9,10,
         9, 9, 9, 9, 9, 9, 9, 9, 9, 9, 9,
        10, 9, 9,10, 9, 9, 9, 9,10, 9,10])]).
