interpretation( 10, [number = 1361555,seconds = 170], [
    relation(<=(_,_), [
        1,1,1,1,1,1,1,1,1,1,
        0,1,0,0,0,0,0,0,0,1,
        0,1,1,0,0,0,0,0,0,1,
        0,1,0,1,0,0,0,0,0,1,
        0,1,0,0,1,0,0,0,0,1,
        0,1,0,0,1,1,0,0,0,1,
        0,1,0,1,1,0,1,0,0,1,
        0,1,1,0,1,1,0,1,0,1,
        0,1,1,1,0,0,0,0,1,1,
        0,0,0,0,0,0,0,0,0,1]),
    function(+(_,_), [
        0,1,2,3,4,5,6,7,8,9,
        1,1,1,1,1,1,1,1,1,9,
        2,1,2,1,1,1,1,2,2,9,
        3,1,1,3,1,1,3,1,3,9,
        4,1,1,1,4,4,4,4,1,9,
        5,1,1,1,4,5,4,5,1,9,
        6,1,1,3,4,4,6,4,3,9,
        7,1,2,1,4,5,4,7,2,9,
        8,1,2,3,1,1,3,2,8,9,
        9,9,9,9,9,9,9,9,9,9])]).
