interpretation( 10, [number = 1389056,seconds = 174], [
    relation(<=(_,_), [
        1,1,1,1,1,1,1,1,1,1,
        0,1,0,0,0,0,0,0,1,0,
        0,1,1,0,0,0,0,0,1,0,
        0,1,0,1,0,0,0,0,1,1,
        0,1,0,0,1,0,0,0,1,0,
        0,1,0,0,1,1,0,0,1,0,
        0,1,0,1,1,1,1,0,1,1,
        0,1,1,0,1,1,0,1,1,0,
        0,0,0,0,0,0,0,0,1,0,
        0,0,0,0,0,0,0,0,1,1]),
    function(+(_,_), [
        0,1,2,3,4,5,6,7,8,9,
        1,1,1,1,1,1,1,1,8,8,
        2,1,2,1,1,1,1,2,8,8,
        3,1,1,3,1,1,3,1,8,9,
        4,1,1,1,4,4,4,4,8,8,
        5,1,1,1,4,5,5,5,8,8,
        6,1,1,3,4,5,6,5,8,9,
        7,1,2,1,4,5,5,7,8,8,
        8,8,8,8,8,8,8,8,8,8,
        9,8,8,9,8,8,9,8,8,9])]).
