interpretation( 10, [number = 111988,seconds = 13], [
    relation(<=(_,_), [
        1,1,1,1,1,1,1,1,1,1,
        0,1,0,0,0,0,0,0,0,0,
        0,1,1,0,0,0,0,0,0,0,
        0,1,0,1,0,0,0,0,0,0,
        0,1,0,0,1,0,0,0,0,0,
        0,1,0,0,0,1,0,0,0,0,
        0,1,0,0,0,1,1,0,0,0,
        0,1,0,0,1,1,1,1,0,0,
        0,1,0,1,0,1,1,0,1,0,
        0,1,1,1,1,0,0,0,0,1]),
    function(+(_,_), [
        0,1,2,3,4,5,6,7,8,9,
        1,1,1,1,1,1,1,1,1,1,
        2,1,2,1,1,1,1,1,1,2,
        3,1,1,3,1,1,1,1,3,3,
        4,1,1,1,4,1,1,4,1,4,
        5,1,1,1,1,5,5,5,5,1,
        6,1,1,1,1,5,6,6,6,1,
        7,1,1,1,4,5,6,7,6,4,
        8,1,1,3,1,5,6,6,8,3,
        9,1,2,3,4,1,1,4,3,9])]).
