interpretation( 10, [number = 1160288,seconds = 144], [
    relation(<=(_,_), [
        1,1,1,1,1,1,1,1,1,1,
        0,1,0,0,0,0,0,0,0,0,
        0,1,1,0,0,0,0,0,0,0,
        0,1,0,1,0,0,0,0,0,0,
        0,1,0,0,1,0,0,0,0,0,
        0,1,0,0,1,1,0,0,0,0,
        0,1,0,0,1,0,1,0,0,0,
        0,1,0,1,0,0,0,1,0,0,
        0,1,1,1,1,1,1,0,1,0,
        0,1,1,1,1,1,1,1,1,1]),
    function(+(_,_), [
        0,1,2,3,4,5,6,7,8,9,
        1,1,1,1,1,1,1,1,1,1,
        2,1,2,1,1,1,1,1,2,2,
        3,1,1,3,1,1,1,3,3,3,
        4,1,1,1,4,4,4,1,4,4,
        5,1,1,1,4,5,4,1,5,5,
        6,1,1,1,4,4,6,1,6,6,
        7,1,1,3,1,1,1,7,3,7,
        8,1,2,3,4,5,6,3,8,8,
        9,1,2,3,4,5,6,7,8,9])]).
