interpretation( 10, [number = 1027144,seconds = 128], [
    relation(<=(_,_), [
        1,1,1,1,1,1,1,1,1,1,
        0,1,0,0,0,0,1,0,0,0,
        0,1,1,0,0,0,1,0,0,0,
        0,1,0,1,0,0,1,0,0,0,
        0,1,0,0,1,0,1,0,0,0,
        0,1,0,0,0,1,1,1,1,1,
        0,0,0,0,0,0,1,0,0,0,
        0,0,0,0,0,0,1,1,0,0,
        0,0,0,0,0,0,1,0,1,0,
        0,0,0,0,0,0,1,1,1,1]),
    function(+(_,_), [
        0,1,2,3,4,5,6,7,8,9,
        1,1,1,1,1,1,6,6,6,6,
        2,1,2,1,1,1,6,6,6,6,
        3,1,1,3,1,1,6,6,6,6,
        4,1,1,1,4,1,6,6,6,6,
        5,1,1,1,1,5,6,7,8,9,
        6,6,6,6,6,6,6,6,6,6,
        7,6,6,6,6,7,6,7,6,7,
        8,6,6,6,6,8,6,6,8,8,
        9,6,6,6,6,9,6,7,8,9])]).
