interpretation( 10, [number = 3305113,seconds = 418], [
    relation(<=(_,_), [
        1,1,1,1,1,1,1,1,1,1,
        0,1,0,0,0,0,0,0,0,0,
        0,1,1,0,0,0,0,0,0,0,
        0,1,0,1,0,0,0,0,0,0,
        0,1,0,0,1,0,0,0,0,0,
        0,1,0,1,1,1,0,0,1,0,
        0,1,0,1,1,1,1,0,1,0,
        0,1,0,1,1,1,0,1,1,0,
        0,1,0,1,1,0,0,0,1,0,
        0,1,1,1,1,1,0,1,1,1]),
    function(+(_,_), [
        0,1,2,3,4,5,6,7,8,9,
        1,1,1,1,1,1,1,1,1,1,
        2,1,2,1,1,1,1,1,1,2,
        3,1,1,3,1,3,3,3,3,3,
        4,1,1,1,4,4,4,4,4,4,
        5,1,1,3,4,5,5,5,8,5,
        6,1,1,3,4,5,6,5,8,5,
        7,1,1,3,4,5,5,7,8,7,
        8,1,1,3,4,8,8,8,8,8,
        9,1,2,3,4,5,5,7,8,9])]).
