interpretation( 10, [number = 6409171,seconds = 823], [
    relation(<=(_,_), [
        1,1,1,1,1,1,1,1,1,1,
        0,1,0,0,0,0,1,0,0,1,
        0,1,1,0,0,0,1,0,0,1,
        0,1,0,1,0,0,1,0,0,1,
        0,1,0,0,1,0,1,0,0,1,
        0,1,1,1,1,1,1,0,0,1,
        0,0,0,0,0,0,1,0,0,0,
        0,0,0,0,0,0,1,1,0,0,
        0,0,0,0,0,0,1,1,1,0,
        0,0,0,0,0,0,1,0,0,1]),
    function(+(_,_), [
        0,1,2,3,4,5,6,7,8,9,
        1,1,1,1,1,1,6,6,6,9,
        2,1,2,1,1,2,6,6,6,9,
        3,1,1,3,1,3,6,6,6,9,
        4,1,1,1,4,4,6,6,6,9,
        5,1,2,3,4,5,6,6,6,9,
        6,6,6,6,6,6,6,6,6,6,
        7,6,6,6,6,6,6,7,7,6,
        8,6,6,6,6,6,6,7,8,6,
        9,9,9,9,9,9,6,6,6,9])]).
