interpretation( 10, [number = 1367487,seconds = 171], [
    relation(<=(_,_), [
        1,1,1,1,1,1,1,1,1,1,
        0,1,0,0,0,0,0,1,0,0,
        0,1,1,0,0,0,0,1,1,0,
        0,1,0,1,0,0,0,1,0,0,
        0,1,0,0,1,0,0,1,0,0,
        0,1,0,0,1,1,0,1,0,0,
        0,1,0,1,1,0,1,1,0,0,
        0,0,0,0,0,0,0,1,0,0,
        0,0,0,0,0,0,0,1,1,0,
        0,0,0,0,0,0,0,1,1,1]),
    function(+(_,_), [
        0,1,2,3,4,5,6,7,8,9,
        1,1,1,1,1,1,1,7,7,7,
        2,1,2,1,1,1,1,7,8,8,
        3,1,1,3,1,1,3,7,7,7,
        4,1,1,1,4,4,4,7,7,7,
        5,1,1,1,4,5,4,7,7,7,
        6,1,1,3,4,4,6,7,7,7,
        7,7,7,7,7,7,7,7,7,7,
        8,7,8,7,7,7,7,7,8,8,
        9,7,8,7,7,7,7,7,8,9])]).
