interpretation( 10, [number = 6315567,seconds = 810], [
    relation(<=(_,_), [
        1,1,1,1,1,1,1,1,1,1,
        0,1,0,0,0,0,0,1,0,0,
        0,1,1,0,0,0,0,1,0,0,
        0,1,0,1,0,0,0,1,0,0,
        0,1,0,0,1,0,0,1,1,0,
        0,1,1,1,1,1,0,1,1,0,
        0,1,1,1,1,1,1,1,1,0,
        0,0,0,0,0,0,0,1,0,0,
        0,0,0,0,0,0,0,1,1,0,
        0,0,0,0,0,0,0,1,1,1]),
    function(+(_,_), [
        0,1,2,3,4,5,6,7,8,9,
        1,1,1,1,1,1,1,7,7,7,
        2,1,2,1,1,2,2,7,7,7,
        3,1,1,3,1,3,3,7,7,7,
        4,1,1,1,4,4,4,7,8,8,
        5,1,2,3,4,5,5,7,8,8,
        6,1,2,3,4,5,6,7,8,8,
        7,7,7,7,7,7,7,7,7,7,
        8,7,7,7,8,8,8,7,8,8,
        9,7,7,7,8,8,8,7,8,9])]).
