interpretation( 10, [number = 1148349,seconds = 143], [
    relation(<=(_,_), [
        1,1,1,1,1,1,1,1,1,1,
        0,1,0,0,0,0,0,0,0,0,
        0,1,1,0,0,0,0,0,0,0,
        0,1,0,1,0,0,0,0,0,0,
        0,1,0,0,1,0,0,0,0,0,
        0,1,0,0,1,1,0,0,0,0,
        0,1,0,0,1,0,1,0,0,0,
        0,1,0,0,1,0,1,1,0,0,
        0,1,0,0,1,1,1,0,1,0,
        0,1,0,1,1,0,1,0,0,1]),
    function(+(_,_), [
        0,1,2,3,4,5,6,7,8,9,
        1,1,1,1,1,1,1,1,1,1,
        2,1,2,1,1,1,1,1,1,1,
        3,1,1,3,1,1,1,1,1,3,
        4,1,1,1,4,4,4,4,4,4,
        5,1,1,1,4,5,4,4,5,4,
        6,1,1,1,4,4,6,6,6,6,
        7,1,1,1,4,4,6,7,6,6,
        8,1,1,1,4,5,6,6,8,6,
        9,1,1,3,4,4,6,6,6,9])]).
