interpretation( 10, [number = 1357277,seconds = 170], [
    relation(<=(_,_), [
        1,1,1,1,1,1,1,1,1,1,
        0,1,0,0,0,0,0,0,1,0,
        0,1,1,0,0,0,0,0,1,0,
        0,1,0,1,0,0,0,0,1,0,
        0,1,0,0,1,0,0,0,1,1,
        0,1,0,0,1,1,0,0,1,1,
        0,1,0,1,1,0,1,0,1,1,
        0,1,0,1,1,1,1,1,1,1,
        0,0,0,0,0,0,0,0,1,0,
        0,0,0,0,0,0,0,0,1,1]),
    function(+(_,_), [
        0,1,2,3,4,5,6,7,8,9,
        1,1,1,1,1,1,1,1,8,8,
        2,1,2,1,1,1,1,1,8,8,
        3,1,1,3,1,1,3,3,8,8,
        4,1,1,1,4,4,4,4,8,9,
        5,1,1,1,4,5,4,5,8,9,
        6,1,1,3,4,4,6,6,8,9,
        7,1,1,3,4,5,6,7,8,9,
        8,8,8,8,8,8,8,8,8,8,
        9,8,8,8,9,9,9,9,8,9])]).
