interpretation( 10, [number = 1196949,seconds = 149], [
    relation(<=(_,_), [
        1,1,1,1,1,1,1,1,1,1,
        0,1,0,0,0,0,0,0,0,1,
        0,1,1,0,0,0,0,0,0,1,
        0,1,0,1,0,0,0,0,0,1,
        0,1,0,0,1,0,0,0,0,1,
        0,1,0,0,1,1,0,0,0,1,
        0,1,0,0,1,1,1,0,0,1,
        0,1,0,0,1,1,1,1,0,1,
        0,1,0,1,1,1,0,0,1,1,
        0,0,0,0,0,0,0,0,0,1]),
    function(+(_,_), [
        0,1,2,3,4,5,6,7,8,9,
        1,1,1,1,1,1,1,1,1,9,
        2,1,2,1,1,1,1,1,1,9,
        3,1,1,3,1,1,1,1,3,9,
        4,1,1,1,4,4,4,4,4,9,
        5,1,1,1,4,5,5,5,5,9,
        6,1,1,1,4,5,6,6,5,9,
        7,1,1,1,4,5,6,7,5,9,
        8,1,1,3,4,5,5,5,8,9,
        9,9,9,9,9,9,9,9,9,9])]).
