interpretation( 10, [number = 3305517,seconds = 418], [
    relation(<=(_,_), [
        1,1,1,1,1,1,1,1,1,1,
        0,1,0,0,0,0,0,0,1,1,
        0,1,1,0,0,0,0,0,1,1,
        0,1,0,1,0,0,0,0,1,1,
        0,1,0,0,1,0,0,0,1,1,
        0,1,0,1,1,1,0,0,1,1,
        0,1,0,1,1,1,1,0,1,1,
        0,1,0,1,1,1,0,1,1,1,
        0,0,0,0,0,0,0,0,1,0,
        0,0,0,0,0,0,0,0,1,1]),
    function(+(_,_), [
        0,1,2,3,4,5,6,7,8,9,
        1,1,1,1,1,1,1,1,8,9,
        2,1,2,1,1,1,1,1,8,9,
        3,1,1,3,1,3,3,3,8,9,
        4,1,1,1,4,4,4,4,8,9,
        5,1,1,3,4,5,5,5,8,9,
        6,1,1,3,4,5,6,5,8,9,
        7,1,1,3,4,5,5,7,8,9,
        8,8,8,8,8,8,8,8,8,8,
        9,9,9,9,9,9,9,9,8,9])]).
