interpretation( 10, [number = 5537,seconds = 0], [
    relation(<=(_,_), [
        1,1,1,1,1,1,1,1,1,1,
        0,1,0,0,0,0,0,0,0,0,
        0,1,1,0,0,0,0,0,0,0,
        0,1,0,1,0,0,0,0,0,0,
        0,1,0,0,1,0,0,0,0,0,
        0,1,0,0,0,1,0,0,0,0,
        0,1,0,0,0,0,1,0,0,0,
        0,1,0,0,0,0,1,1,0,0,
        0,1,0,0,0,1,0,0,1,0,
        0,1,0,1,1,0,1,1,0,1]),
    function(+(_,_), [
        0,1,2,3,4,5,6,7,8,9,
        1,1,1,1,1,1,1,1,1,1,
        2,1,2,1,1,1,1,1,1,1,
        3,1,1,3,1,1,1,1,1,3,
        4,1,1,1,4,1,1,1,1,4,
        5,1,1,1,1,5,1,1,5,1,
        6,1,1,1,1,1,6,6,1,6,
        7,1,1,1,1,1,6,7,1,7,
        8,1,1,1,1,5,1,1,8,1,
        9,1,1,3,4,1,6,7,1,9])]).
