interpretation( 9, [number = 31078,seconds = 3], [
    relation(<=(_,_), [
        1,1,1,1,1,1,1,1,1,
        0,1,0,0,0,0,0,1,1,
        0,1,1,0,0,0,0,1,1,
        0,1,0,1,0,0,0,1,1,
        0,1,0,0,1,0,0,1,1,
        0,1,0,0,1,1,0,1,1,
        0,1,0,1,1,1,1,1,1,
        0,0,0,0,0,0,0,1,0,
        0,0,0,0,0,0,0,1,1]),
    function(+(_,_), [
        0,1,2,3,4,5,6,7,8,
        1,1,1,1,1,1,1,7,8,
        2,1,2,1,1,1,1,7,8,
        3,1,1,3,1,1,3,7,8,
        4,1,1,1,4,4,4,7,8,
        5,1,1,1,4,5,5,7,8,
        6,1,1,3,4,5,6,7,8,
        7,7,7,7,7,7,7,7,7,
        8,8,8,8,8,8,8,7,8])]).
