interpretation( 9, [number = 185320,seconds = 18], [
    relation(<=(_,_), [
        1,1,1,1,1,1,1,1,1,
        0,1,0,0,0,1,0,1,1,
        0,1,1,0,0,1,0,1,1,
        0,1,0,1,0,1,0,1,1,
        0,1,0,0,1,1,0,1,1,
        0,0,0,0,0,1,0,0,1,
        0,0,0,0,0,1,1,0,1,
        0,0,0,0,0,1,0,1,1,
        0,0,0,0,0,0,0,0,1]),
    function(+(_,_), [
        0,1,2,3,4,5,6,7,8,
        1,1,1,1,1,5,5,7,8,
        2,1,2,1,1,5,5,7,8,
        3,1,1,3,1,5,5,7,8,
        4,1,1,1,4,5,5,7,8,
        5,5,5,5,5,5,5,5,8,
        6,5,5,5,5,5,6,5,8,
        7,7,7,7,7,5,5,7,8,
        8,8,8,8,8,8,8,8,8])]).
