interpretation( 9, [number = 228018,seconds = 22], [
    relation(<=(_,_), [
        1,1,1,1,1,1,1,1,1,
        0,1,0,0,0,0,0,0,0,
        0,1,1,0,0,0,0,0,0,
        0,1,0,1,0,0,1,0,0,
        0,1,0,1,1,0,1,0,0,
        0,1,0,1,0,1,1,0,0,
        0,1,0,0,0,0,1,0,0,
        0,1,1,0,0,0,0,1,0,
        0,1,1,0,0,0,0,0,1]),
    function(+(_,_), [
        0,1,2,3,4,5,6,7,8,
        1,1,1,1,1,1,1,1,1,
        2,1,2,1,1,1,1,2,2,
        3,1,1,3,3,3,6,1,1,
        4,1,1,3,4,3,6,1,1,
        5,1,1,3,3,5,6,1,1,
        6,1,1,6,6,6,6,1,1,
        7,1,2,1,1,1,1,7,2,
        8,1,2,1,1,1,1,2,8])]).
