interpretation( 9, [number = 226444,seconds = 22], [
    relation(<=(_,_), [
        1,1,1,1,1,1,1,1,1,
        0,1,0,0,0,0,0,0,1,
        0,1,1,0,0,0,0,0,1,
        0,1,0,1,0,0,0,0,1,
        0,1,0,1,1,0,0,0,1,
        0,1,0,1,0,1,0,0,1,
        0,1,0,1,1,1,1,0,1,
        0,1,1,0,0,0,0,1,1,
        0,0,0,0,0,0,0,0,1]),
    function(+(_,_), [
        0,1,2,3,4,5,6,7,8,
        1,1,1,1,1,1,1,1,8,
        2,1,2,1,1,1,1,2,8,
        3,1,1,3,3,3,3,1,8,
        4,1,1,3,4,3,4,1,8,
        5,1,1,3,3,5,5,1,8,
        6,1,1,3,4,5,6,1,8,
        7,1,2,1,1,1,1,7,8,
        8,8,8,8,8,8,8,8,8])]).
