interpretation( 9, [number = 25360,seconds = 2], [
    relation(<=(_,_), [
        1,1,1,1,1,1,1,1,1,
        0,1,0,0,0,0,0,0,0,
        0,1,1,0,0,0,0,0,0,
        0,1,0,1,0,0,0,0,0,
        0,1,0,0,1,0,0,0,1,
        0,1,0,0,1,1,0,0,1,
        0,1,0,0,1,0,1,0,1,
        0,1,0,0,1,1,1,1,1,
        0,1,0,0,0,0,0,0,1]),
    function(+(_,_), [
        0,1,2,3,4,5,6,7,8,
        1,1,1,1,1,1,1,1,1,
        2,1,2,1,1,1,1,1,1,
        3,1,1,3,1,1,1,1,1,
        4,1,1,1,4,4,4,4,8,
        5,1,1,1,4,5,4,5,8,
        6,1,1,1,4,4,6,6,8,
        7,1,1,1,4,5,6,7,8,
        8,1,1,1,8,8,8,8,8])]).
