interpretation( 9, [number = 227958,seconds = 22], [
    relation(<=(_,_), [
        1,1,1,1,1,1,1,1,1,
        0,1,0,0,0,0,0,0,0,
        0,1,1,0,0,0,0,0,0,
        0,1,0,1,0,0,1,1,0,
        0,1,0,1,1,0,1,1,0,
        0,1,0,1,0,1,1,1,0,
        0,1,0,0,0,0,1,0,0,
        0,1,0,0,0,0,1,1,0,
        0,1,1,0,0,0,1,0,1]),
    function(+(_,_), [
        0,1,2,3,4,5,6,7,8,
        1,1,1,1,1,1,1,1,1,
        2,1,2,1,1,1,1,1,2,
        3,1,1,3,3,3,6,7,6,
        4,1,1,3,4,3,6,7,6,
        5,1,1,3,3,5,6,7,6,
        6,1,1,6,6,6,6,6,6,
        7,1,1,7,7,7,6,7,6,
        8,1,2,6,6,6,6,6,8])]).
