interpretation( 9, [number = 228819,seconds = 23], [
    relation(<=(_,_), [
        1,1,1,1,1,1,1,1,1,
        0,1,0,0,0,0,0,0,0,
        0,1,1,0,0,0,0,0,1,
        0,1,0,1,0,0,0,0,0,
        0,1,0,1,1,0,0,0,0,
        0,1,0,1,0,1,0,0,0,
        0,1,1,0,0,0,1,0,1,
        0,1,1,1,0,1,0,1,1,
        0,1,0,0,0,0,0,0,1]),
    function(+(_,_), [
        0,1,2,3,4,5,6,7,8,
        1,1,1,1,1,1,1,1,1,
        2,1,2,1,1,1,2,2,8,
        3,1,1,3,3,3,1,3,1,
        4,1,1,3,4,3,1,3,1,
        5,1,1,3,3,5,1,5,1,
        6,1,2,1,1,1,6,2,8,
        7,1,2,3,3,5,2,7,8,
        8,1,8,1,1,1,8,8,8])]).
