interpretation( 9, [number = 30951,seconds = 3], [
    relation(<=(_,_), [
        1,1,1,1,1,1,1,1,1,
        0,1,0,0,0,0,0,0,0,
        0,1,1,0,0,0,0,0,0,
        0,1,0,1,0,0,0,0,0,
        0,1,0,0,1,0,0,0,0,
        0,1,0,0,1,1,0,0,0,
        0,1,0,1,1,1,1,0,0,
        0,1,1,0,1,1,0,1,0,
        0,1,1,1,0,0,0,0,1]),
    function(+(_,_), [
        0,1,2,3,4,5,6,7,8,
        1,1,1,1,1,1,1,1,1,
        2,1,2,1,1,1,1,2,2,
        3,1,1,3,1,1,3,1,3,
        4,1,1,1,4,4,4,4,1,
        5,1,1,1,4,5,5,5,1,
        6,1,1,3,4,5,6,5,3,
        7,1,2,1,4,5,5,7,2,
        8,1,2,3,1,1,3,2,8])]).
