interpretation( 9, [number = 719651,seconds = 73], [
    relation(<=(_,_), [
        1,1,1,1,1,1,1,1,1,
        0,1,0,0,0,0,0,1,1,
        0,1,1,0,0,0,0,1,1,
        0,1,0,1,0,0,0,1,1,
        0,1,1,1,1,0,0,1,1,
        0,1,1,1,1,1,0,1,1,
        0,1,1,1,1,0,1,1,1,
        0,0,0,0,0,0,0,1,0,
        0,0,0,0,0,0,0,1,1]),
    function(+(_,_), [
        0,1,2,3,4,5,6,7,8,
        1,1,1,1,1,1,1,7,8,
        2,1,2,1,2,2,2,7,8,
        3,1,1,3,3,3,3,7,8,
        4,1,2,3,4,4,4,7,8,
        5,1,2,3,4,5,4,7,8,
        6,1,2,3,4,4,6,7,8,
        7,7,7,7,7,7,7,7,7,
        8,8,8,8,8,8,8,7,8])]).
