interpretation( 9, [number = 82864,seconds = 8], [
    relation(<=(_,_), [
        1,1,1,1,1,1,1,1,1,
        0,1,0,0,0,0,1,0,0,
        0,1,1,0,0,0,1,0,0,
        0,1,0,1,0,0,1,0,0,
        0,1,0,0,1,0,1,0,0,
        0,1,0,1,1,1,1,0,0,
        0,0,0,0,0,0,1,0,0,
        0,0,0,0,0,0,1,1,0,
        0,0,0,0,0,0,1,1,1]),
    function(+(_,_), [
        0,1,2,3,4,5,6,7,8,
        1,1,1,1,1,1,6,6,6,
        2,1,2,1,1,1,6,6,6,
        3,1,1,3,1,3,6,6,6,
        4,1,1,1,4,4,6,6,6,
        5,1,1,3,4,5,6,6,6,
        6,6,6,6,6,6,6,6,6,
        7,6,6,6,6,6,6,7,7,
        8,6,6,6,6,6,6,7,8])]).
