interpretation( 12, [number = 1685788,seconds = 274], [
    relation(<=(_,_), [
         1, 1, 1, 1, 1, 1, 1, 1, 1, 1, 1, 1,
         0, 1, 0, 0, 0, 0, 0, 0, 0, 0, 0, 0,
         0, 1, 1, 0, 0, 0, 0, 0, 0, 0, 0, 0,
         0, 1, 0, 1, 0, 0, 0, 0, 0, 0, 0, 0,
         0, 1, 0, 0, 1, 0, 0, 0, 0, 0, 0, 0,
         0, 1, 0, 0, 0, 1, 0, 0, 0, 0, 0, 0,
         0, 1, 0, 0, 0, 0, 1, 0, 0, 0, 0, 0,
         0, 1, 0, 0, 0, 0, 0, 1, 0, 0, 0, 0,
         0, 1, 0, 0, 0, 0, 0, 1, 1, 0, 0, 0,
         0, 1, 0, 0, 0, 0, 1, 0, 0, 1, 0, 0,
         0, 1, 0, 0, 1, 1, 0, 1, 0, 0, 1, 0,
         0, 1, 1, 1, 0, 1, 1, 0, 0, 0, 0, 1]),
    function(+(_,_), [
         0, 1, 2, 3, 4, 5, 6, 7, 8, 9,10,11,
         1, 1, 1, 1, 1, 1, 1, 1, 1, 1, 1, 1,
         2, 1, 2, 1, 1, 1, 1, 1, 1, 1, 1, 2,
         3, 1, 1, 3, 1, 1, 1, 1, 1, 1, 1, 3,
         4, 1, 1, 1, 4, 1, 1, 1, 1, 1, 4, 1,
         5, 1, 1, 1, 1, 5, 1, 1, 1, 1, 5, 5,
         6, 1, 1, 1, 1, 1, 6, 1, 1, 6, 1, 6,
         7, 1, 1, 1, 1, 1, 1, 7, 7, 1, 7, 1,
         8, 1, 1, 1, 1, 1, 1, 7, 8, 1, 7, 1,
         9, 1, 1, 1, 1, 1, 6, 1, 1, 9, 1, 6,
        10, 1, 1, 1, 4, 5, 1, 7, 7, 1,10, 5,
        11, 1, 2, 3, 1, 5, 6, 1, 1, 6, 5,11])]).
