interpretation( 12, [number = 4579547,seconds = 768], [
    relation(<=(_,_), [
         1, 1, 1, 1, 1, 1, 1, 1, 1, 1, 1, 1,
         0, 1, 0, 0, 0, 0, 0, 0, 0, 0, 1, 0,
         0, 1, 1, 0, 0, 0, 0, 0, 0, 0, 1, 1,
         0, 1, 0, 1, 0, 0, 0, 0, 0, 0, 1, 0,
         0, 1, 0, 0, 1, 0, 0, 0, 0, 0, 1, 0,
         0, 1, 0, 0, 0, 1, 0, 0, 0, 0, 1, 0,
         0, 1, 0, 0, 0, 0, 1, 0, 0, 0, 1, 0,
         0, 1, 0, 0, 0, 0, 0, 1, 0, 0, 1, 0,
         0, 1, 0, 0, 0, 0, 1, 1, 1, 0, 1, 0,
         0, 1, 0, 1, 1, 1, 0, 0, 0, 1, 1, 0,
         0, 0, 0, 0, 0, 0, 0, 0, 0, 0, 1, 0,
         0, 0, 0, 0, 0, 0, 0, 0, 0, 0, 1, 1]),
    function(+(_,_), [
         0, 1, 2, 3, 4, 5, 6, 7, 8, 9,10,11,
         1, 1, 1, 1, 1, 1, 1, 1, 1, 1,10,10,
         2, 1, 2, 1, 1, 1, 1, 1, 1, 1,10,11,
         3, 1, 1, 3, 1, 1, 1, 1, 1, 3,10,10,
         4, 1, 1, 1, 4, 1, 1, 1, 1, 4,10,10,
         5, 1, 1, 1, 1, 5, 1, 1, 1, 5,10,10,
         6, 1, 1, 1, 1, 1, 6, 1, 6, 1,10,10,
         7, 1, 1, 1, 1, 1, 1, 7, 7, 1,10,10,
         8, 1, 1, 1, 1, 1, 6, 7, 8, 1,10,10,
         9, 1, 1, 3, 4, 5, 1, 1, 1, 9,10,10,
        10,10,10,10,10,10,10,10,10,10,10,10,
        11,10,11,10,10,10,10,10,10,10,10,11])]).
