interpretation( 12, [number = 4480111,seconds = 750], [
    relation(<=(_,_), [
         1, 1, 1, 1, 1, 1, 1, 1, 1, 1, 1, 1,
         0, 1, 0, 0, 0, 0, 0, 0, 0, 0, 0, 0,
         0, 1, 1, 0, 0, 0, 0, 0, 0, 0, 0, 0,
         0, 1, 0, 1, 0, 0, 0, 0, 0, 0, 0, 0,
         0, 1, 0, 0, 1, 0, 0, 0, 0, 0, 0, 0,
         0, 1, 0, 0, 0, 1, 0, 0, 0, 0, 0, 0,
         0, 1, 0, 0, 0, 0, 1, 0, 0, 0, 0, 0,
         0, 1, 0, 0, 0, 0, 0, 1, 0, 0, 0, 0,
         0, 1, 0, 0, 0, 0, 1, 1, 1, 0, 0, 0,
         0, 1, 0, 0, 1, 1, 0, 0, 0, 1, 0, 0,
         0, 1, 0, 1, 0, 1, 0, 1, 0, 0, 1, 0,
         0, 1, 1, 0, 1, 0, 1, 0, 0, 0, 0, 1]),
    function(+(_,_), [
         0, 1, 2, 3, 4, 5, 6, 7, 8, 9,10,11,
         1, 1, 1, 1, 1, 1, 1, 1, 1, 1, 1, 1,
         2, 1, 2, 1, 1, 1, 1, 1, 1, 1, 1, 2,
         3, 1, 1, 3, 1, 1, 1, 1, 1, 1, 3, 1,
         4, 1, 1, 1, 4, 1, 1, 1, 1, 4, 1, 4,
         5, 1, 1, 1, 1, 5, 1, 1, 1, 5, 5, 1,
         6, 1, 1, 1, 1, 1, 6, 1, 6, 1, 1, 6,
         7, 1, 1, 1, 1, 1, 1, 7, 7, 1, 7, 1,
         8, 1, 1, 1, 1, 1, 6, 7, 8, 1, 7, 6,
         9, 1, 1, 1, 4, 5, 1, 1, 1, 9, 5, 4,
        10, 1, 1, 3, 1, 5, 1, 7, 7, 5,10, 1,
        11, 1, 2, 1, 4, 1, 6, 1, 6, 4, 1,11])]).
