interpretation( 12, [number = 1781757,seconds = 289], [
    relation(<=(_,_), [
         1, 1, 1, 1, 1, 1, 1, 1, 1, 1, 1, 1,
         0, 1, 0, 0, 0, 0, 0, 0, 0, 0, 0, 1,
         0, 1, 1, 0, 0, 0, 0, 0, 0, 0, 0, 1,
         0, 1, 0, 1, 0, 0, 0, 0, 0, 0, 0, 1,
         0, 1, 0, 0, 1, 0, 0, 0, 0, 0, 0, 1,
         0, 1, 0, 0, 0, 1, 0, 0, 0, 0, 0, 1,
         0, 1, 0, 0, 0, 0, 1, 0, 0, 0, 0, 1,
         0, 1, 0, 0, 0, 0, 0, 1, 0, 0, 0, 1,
         0, 1, 0, 0, 0, 0, 0, 1, 1, 0, 0, 1,
         0, 1, 0, 0, 0, 1, 1, 0, 0, 1, 0, 1,
         0, 1, 0, 1, 1, 1, 1, 0, 0, 1, 1, 1,
         0, 0, 0, 0, 0, 0, 0, 0, 0, 0, 0, 1]),
    function(+(_,_), [
         0, 1, 2, 3, 4, 5, 6, 7, 8, 9,10,11,
         1, 1, 1, 1, 1, 1, 1, 1, 1, 1, 1,11,
         2, 1, 2, 1, 1, 1, 1, 1, 1, 1, 1,11,
         3, 1, 1, 3, 1, 1, 1, 1, 1, 1, 3,11,
         4, 1, 1, 1, 4, 1, 1, 1, 1, 1, 4,11,
         5, 1, 1, 1, 1, 5, 1, 1, 1, 5, 5,11,
         6, 1, 1, 1, 1, 1, 6, 1, 1, 6, 6,11,
         7, 1, 1, 1, 1, 1, 1, 7, 7, 1, 1,11,
         8, 1, 1, 1, 1, 1, 1, 7, 8, 1, 1,11,
         9, 1, 1, 1, 1, 5, 6, 1, 1, 9, 9,11,
        10, 1, 1, 3, 4, 5, 6, 1, 1, 9,10,11,
        11,11,11,11,11,11,11,11,11,11,11,11])]).
