interpretation( 12, [number = 236180,seconds = 36], [
    relation(<=(_,_), [
         1, 1, 1, 1, 1, 1, 1, 1, 1, 1, 1, 1,
         0, 1, 0, 0, 0, 0, 0, 0, 0, 0, 0, 0,
         0, 1, 1, 0, 0, 0, 0, 0, 0, 0, 0, 0,
         0, 1, 0, 1, 0, 0, 0, 0, 0, 0, 0, 0,
         0, 1, 0, 0, 1, 0, 0, 0, 0, 0, 0, 0,
         0, 1, 0, 0, 0, 1, 0, 0, 0, 0, 0, 0,
         0, 1, 0, 0, 0, 0, 1, 0, 0, 0, 0, 0,
         0, 1, 0, 0, 0, 0, 0, 1, 0, 0, 0, 0,
         0, 1, 0, 0, 0, 0, 0, 0, 1, 0, 0, 0,
         0, 1, 0, 0, 0, 0, 1, 1, 1, 1, 0, 0,
         0, 1, 0, 0, 0, 0, 1, 1, 1, 1, 1, 0,
         0, 1, 1, 1, 1, 1, 0, 0, 1, 0, 0, 1]),
    function(+(_,_), [
         0, 1, 2, 3, 4, 5, 6, 7, 8, 9,10,11,
         1, 1, 1, 1, 1, 1, 1, 1, 1, 1, 1, 1,
         2, 1, 2, 1, 1, 1, 1, 1, 1, 1, 1, 2,
         3, 1, 1, 3, 1, 1, 1, 1, 1, 1, 1, 3,
         4, 1, 1, 1, 4, 1, 1, 1, 1, 1, 1, 4,
         5, 1, 1, 1, 1, 5, 1, 1, 1, 1, 1, 5,
         6, 1, 1, 1, 1, 1, 6, 1, 1, 6, 6, 1,
         7, 1, 1, 1, 1, 1, 1, 7, 1, 7, 7, 1,
         8, 1, 1, 1, 1, 1, 1, 1, 8, 8, 8, 8,
         9, 1, 1, 1, 1, 1, 6, 7, 8, 9, 9, 8,
        10, 1, 1, 1, 1, 1, 6, 7, 8, 9,10, 8,
        11, 1, 2, 3, 4, 5, 1, 1, 8, 8, 8,11])]).
